0	15414	15561	15571	15572	15573	
1	15410	15562	15566	15570	15568	
2	15399	15566	15567	15570	15568	
3	15399	15568	15572	15568	15569	
4	15408	15564	15566	15566	15571	
5	15417	15564	15567	15565	15570	
6	15416	15566	15570	15565	15571	
7	15416	15565	15572	15565	15571	
8	15398	15567	15569	15566	15567	
9	15417	15566	15570	15565	15568	
10	15401	15564	15570	15567	15572	
11	15404	15566	15569	15562	15570	
12	15416	15563	15571	15566	15569	
13	15403	15566	15568	15568	15572	
14	15410	15564	15567	15567	15574	
15	15393	15565	15569	15562	15569	
16	15405	15565	15570	15570	15567	
17	15410	15560	15567	15567	15568	
18	15408	15558	15571	15566	15574	
19	15416	15563	15568	15568	15570	
20	15409	15566	15571	15564	15568	
21	15409	15561	15574	15567	15576	
22	15408	15564	15569	15563	15565	
23	15411	15563	15571	15565	15573	
24	15423	15565	15567	15567	15572	
25	15404	15567	15568	15569	15567	
26	15405	15560	15573	15564	15571	
27	15415	15562	15573	15568	15571	
28	15415	15561	15569	15567	15570	
29	15410	15563	15572	15567	15567	
30	15421	15562	15570	15567	15572	
31	15413	15564	15570	15565	15569	
32	15410	15562	15571	15567	15573	
33	15414	15562	15567	15565	15568	
34	15408	15563	15566	15567	15566	
35	15408	15564	15572	15569	15567	
36	15404	15564	15566	15570	15567	
37	15409	15561	15568	15569	15570	
38	15415	15566	15571	15562	15565	
39	15399	15559	15567	15570	15570	
40	15400	15567	15567	15567	15569	
41	15412	15563	15573	15569	15569	
42	15410	15563	15570	15567	15572	
43	15408	15563	15567	15567	15566	
44	15411	15563	15567	15567	15573	
45	15414	15565	15569	15570	15570	
46	15410	15564	15567	15570	15571	
47	15407	15565	15569	15566	15569	
48	15427	15564	15569	15570	15572	
49	15403	15560	15569	15568	15570	
50	15398	15560	15564	15562	15572	
51	15404	15559	15570	15567	15571	
52	15412	15563	15569	15568	15572	
53	15408	15561	15572	15563	15570	
54	15410	15564	15571	15570	15571	
55	15405	15565	15567	15569	15570	
56	15404	15559	15571	15566	15575	
57	15409	15565	15569	15565	15574	
58	15419	15564	15573	15567	15569	
59	15414	15564	15565	15565	15567	
60	15406	15566	15569	15563	15568	
61	15419	15561	15573	15564	15573	
62	15411	15560	15569	15563	15572	
63	15412	15558	15570	15571	15568	
64	15403	15562	15574	15568	15568	
65	15409	15563	15570	15564	15573	
66	15410	15565	15568	15566	15570	
67	15418	15566	15567	15564	15567	
68	15409	15562	15570	15571	15575	
69	15411	15565	15571	15568	15566	
70	15421	15567	15571	15570	15576	
71	15409	15560	15569	15566	15576	
72	15406	15563	15568	15565	15572	
73	15411	15563	15571	15566	15570	
74	15404	15562	15569	15568	15564	
75	15420	15562	15567	15568	15571	
76	15405	15562	15569	15568	15572	
77	15409	15561	15570	15566	15570	
78	15409	15564	15568	15567	15572	
79	15411	15561	15575	15566	15567	
80	15417	15564	15569	15562	15568	
81	15424	15560	15570	15562	15568	
82	15419	15564	15572	15570	15567	
83	15417	15564	15568	15568	15572	
84	15415	15567	15569	15570	15570	
85	15413	15563	15572	15562	15572	
86	15415	15563	15571	15569	15571	
87	15420	15561	15572	15566	15572	
88	15410	15563	15569	15573	15566	
89	15412	15558	15570	15564	15568	
90	15415	15565	15571	15564	15574	
91	15406	15565	15573	15569	15571	
92	15405	15565	15568	15564	15568	
93	15420	15562	15571	15565	15564	
94	15416	15563	15569	15569	15570	
95	15425	15561	15571	15570	15570	
96	15424	15564	15572	15569	15568	
97	15405	15558	15572	15568	15573	
98	15411	15561	15571	15564	15570	
99	15410	15560	15569	15562	15566	
100	15412	15568	15569	15570	15568	
101	15410	15564	15570	15566	15569	
102	15406	15565	15569	15566	15569	
103	15422	15557	15572	15566	15571	
104	15412	15562	15569	15570	15567	
105	15413	15564	15567	15565	15573	
106	15405	15558	15571	15566	15570	
107	15406	15558	15569	15568	15570	
108	15409	15560	15569	15571	15573	
109	15394	15559	15573	15569	15568	
110	15399	15564	15574	15567	15573	
111	15403	15561	15572	15563	15567	
112	15409	15559	15570	15568	15566	
113	15400	15565	15568	15570	15574	
114	15413	15560	15566	15568	15568	
115	15393	15561	15571	15565	15571	
116	15405	15567	15571	15563	15571	
117	15406	15563	15569	15563	15566	
118	15408	15562	15571	15567	15568	
119	15411	15567	15568	15567	15568	
120	15412	15562	15569	15569	15568	
121	15418	15563	15571	15563	15567	
122	15417	15561	15571	15566	15568	
123	15416	15560	15571	15564	15569	
124	15428	15566	15567	15567	15573	
125	15424	15561	15574	15568	15565	
126	15421	15564	15571	15571	15565	
127	15427	15562	15569	15563	15572	
128	15429	15565	15569	15573	15574	
129	15440	15561	15568	15566	15571	
130	15431	15560	15573	15566	15566	
131	15433	15561	15570	15568	15569	
132	15417	15567	15565	15569	15569	
133	15427	15567	15568	15565	15569	
134	15427	15561	15569	15567	15567	
135	15408	15562	15569	15564	15570	
136	15409	15559	15566	15572	15571	
137	15422	15562	15562	15566	15567	
138	15406	15561	15571	15569	15573	
139	15410	15567	15573	15568	15571	
140	15410	15561	15571	15566	15574	
141	15416	15561	15568	15568	15567	
142	15412	15558	15572	15558	15572	
143	15404	15562	15567	15566	15569	
144	15406	15563	15569	15564	15569	
145	15427	15564	15570	15562	15569	
146	15412	15565	15570	15570	15565	
147	15420	15563	15570	15568	15570	
148	15433	15560	15570	15567	15566	
149	15427	15563	15571	15564	15569	
150	15413	15566	15567	15568	15567	
151	15414	15567	15568	15566	15570	
152	15414	15562	15567	15568	15569	
153	15419	15559	15568	15566	15573	
154	15422	15562	15570	15565	15563	
155	15425	15563	15567	15567	15573	
156	15423	15562	15571	15566	15569	
157	15419	15564	15570	15570	15570	
158	15430	15569	15573	15562	15570	
159	15423	15565	15567	15571	15567	
160	15415	15563	15565	15567	15569	
161	15426	15562	15563	15562	15567	
162	15425	15563	15573	15566	15570	
163	15415	15564	15563	15568	15571	
164	15416	15564	15569	15564	15572	
165	15411	15565	15573	15564	15566	
166	15423	15565	15571	15566	15570	
167	15423	15563	15570	15568	15569	
168	15422	15566	15570	15567	15572	
169	15417	15561	15567	15566	15570	
170	15414	15563	15569	15564	15572	
171	15417	15562	15566	15567	15567	
172	15416	15568	15569	15567	15573	
173	15405	15561	15572	15566	15567	
174	15420	15564	15571	15571	15571	
175	15416	15560	15567	15565	15570	
176	15408	15564	15567	15566	15572	
177	15424	15562	15568	15569	15571	
178	15413	15564	15570	15564	15571	
179	15411	15561	15570	15568	15569	
180	15412	15567	15569	15561	15572	
181	15418	15563	15572	15569	15574	
182	15421	15563	15574	15567	15569	
183	15403	15561	15572	15564	15574	
184	15409	15569	15570	15569	15573	
185	15401	15565	15573	15568	15570	
186	15405	15562	15566	15564	15572	
187	15409	15565	15572	15568	15572	
188	15410	15561	15572	15564	15569	
189	15408	15563	15570	15565	15574	
190	15404	15566	15567	15564	15571	
191	15406	15563	15569	15564	15573	
192	15406	15565	15570	15567	15568	
193	15399	15563	15569	15566	15575	
194	15402	15558	15568	15568	15570	
195	15403	15566	15570	15566	15570	
196	15405	15560	15573	15563	15567	
197	15404	15559	15569	15564	15569	
198	15396	15564	15572	15570	15570	
199	15395	15559	15570	15567	15570	
200	15402	15567	15567	15566	15570	
201	15402	15559	15572	15567	15570	
202	15399	15562	15570	15567	15572	
203	15406	15561	15568	15563	15567	
204	15413	15565	15567	15568	15566	
205	15411	15561	15570	15568	15568	
206	15405	15559	15568	15568	15571	
207	15400	15566	15568	15572	15569	
208	15410	15562	15573	15568	15572	
209	15403	15563	15571	15565	15574	
210	15409	15562	15571	15567	15574	
211	15412	15563	15570	15563	15571	
212	15405	15559	15570	15572	15570	
213	15408	15560	15572	15562	15571	
214	15401	15564	15570	15568	15569	
215	15401	15560	15576	15571	15571	
216	15397	15567	15572	15563	15569	
217	15403	15564	15569	15570	15569	
218	15396	15564	15574	15571	15573	
219	15394	15563	15567	15568	15569	
220	15400	15566	15568	15565	15571	
221	15408	15562	15567	15565	15573	
222	15387	15563	15571	15566	15575	
223	15401	15559	15570	15566	15573	
224	15399	15561	15569	15568	15569	
225	15402	15563	15569	15567	15568	
226	15390	15562	15576	15571	15571	
227	15398	15569	15573	15569	15573	
228	15400	15564	15570	15569	15569	
229	15387	15558	15571	15567	15570	
230	15399	15562	15569	15563	15568	
231	15395	15562	15571	15572	15566	
232	15396	15560	15566	15565	15570	
233	15399	15561	15571	15569	15574	
234	15398	15561	15565	15564	15568	
235	15388	15563	15574	15566	15567	
236	15398	15562	15569	15568	15569	
237	15395	15560	15565	15568	15570	
238	15398	15566	15574	15566	15569	
239	15396	15565	15572	15567	15567	
240	15396	15563	15569	15563	15566	
241	15399	15563	15572	15565	15569	
242	15397	15560	15567	15569	15573	
243	15392	15561	15568	15567	15568	
244	15400	15560	15574	15565	15570	
245	15402	15564	15566	15571	15569	
246	15393	15563	15570	15566	15570	
247	15394	15561	15569	15569	15570	
248	15398	15560	15574	15566	15569	
249	15387	15565	15570	15565	15574	
250	15396	15567	15570	15564	15566	
251	15409	15563	15568	15570	15571	
252	15391	15567	15572	15566	15571	
253	15394	15565	15572	15565	15573	
254	15403	15564	15569	15571	15569	
255	15401	15567	15568	15560	15568	
256	15394	15564	15570	15569	15573	
257	15404	15562	15568	15567	15571	
258	15410	15562	15569	15569	15569	
259	15410	15567	15570	15566	15571	
260	15394	15563	15567	15568	15569	
261	15404	15564	15568	15564	15572	
262	15399	15558	15568	15568	15566	
263	15390	15565	15573	15570	15572	
264	15404	15562	15572	15565	15567	
265	15407	15560	15573	15566	15573	
266	15414	15564	15571	15567	15569	
267	15403	15563	15568	15567	15570	
268	15404	15563	15572	15568	15570	
269	15401	15564	15568	15571	15568	
270	15401	15563	15571	15563	15570	
271	15408	15562	15565	15570	15567	
272	15400	15566	15570	15564	15569	
273	15410	15558	15570	15562	15568	
274	15396	15559	15574	15567	15570	
275	15402	15565	15573	15564	15570	
276	15397	15563	15567	15570	15570	
277	15401	15565	15574	15567	15571	
278	15391	15562	15570	15570	15569	
279	15397	15563	15569	15565	15568	
280	15417	15560	15572	15568	15574	
281	15396	15562	15567	15569	15568	
282	15410	15564	15571	15563	15570	
283	15395	15561	15574	15573	15567	
284	15402	15561	15570	15567	15569	
285	15390	15562	15574	15568	15569	
286	15403	15563	15567	15562	15574	
287	15399	15560	15577	15573	15569	
288	15398	15564	15570	15569	15564	
289	15405	15568	15571	15567	15568	
290	15404	15560	15568	15567	15570	
291	15414	15564	15569	15567	15569	
292	15409	15565	15570	15564	15565	
293	15399	15561	15568	15571	15567	
294	15404	15567	15571	15564	15567	
295	15409	15564	15571	15564	15570	
296	15412	15564	15567	15563	15570	
297	15400	15562	15567	15572	15572	
298	15411	15560	15571	15565	15562	
299	15410	15561	15569	15568	15571	
300	15416	15566	15568	15572	15568	
301	15411	15560	15567	15564	15565	
302	15418	15562	15571	15570	15569	
303	15406	15564	15571	15565	15563	
304	15412	15564	15572	15568	15570	
305	15415	15565	15567	15565	15567	
306	15417	15559	15571	15570	15566	
307	15423	15559	15570	15564	15569	
308	15420	15563	15571	15568	15570	
309	15413	15563	15573	15568	15565	
310	15416	15562	15568	15568	15571	
311	15429	15564	15567	15569	15571	
312	15409	15566	15570	15572	15568	
313	15413	15562	15570	15565	15566	
314	15428	15562	15565	15567	15572	
315	15413	15563	15573	15570	15566	
316	15417	15565	15569	15568	15567	
317	15421	15560	15571	15565	15567	
318	15416	15566	15573	15570	15569	
319	15416	15567	15572	15566	15568	
320	15418	15561	15569	15567	15567	
321	15414	15559	15570	15563	15570	
322	15412	15559	15572	15562	15567	
323	15421	15564	15572	15571	15569	
324	15412	15564	15567	15564	15566	
325	15422	15557	15569	15564	15570	
326	15426	15558	15571	15566	15569	
327	15426	15562	15573	15569	15566	
328	15419	15562	15570	15567	15568	
329	15409	15563	15571	15564	15569	
330	15424	15564	15572	15566	15570	
331	15423	15567	15574	15568	15573	
332	15436	15563	15565	15565	15571	
333	15419	15566	15568	15569	15571	
334	15420	15563	15573	15564	15571	
335	15416	15564	15569	15565	15567	
336	15414	15561	15573	15564	15572	
337	15414	15563	15568	15570	15570	
338	15424	15566	15567	15567	15569	
339	15414	15565	15573	15569	15570	
340	15414	15565	15568	15568	15572	
341	15431	15564	15573	15566	15571	
342	15412	15569	15572	15566	15572	
343	15424	15561	15567	15565	15567	
344	15437	15560	15568	15565	15570	
345	15422	15565	15573	15568	15568	
346	15420	15562	15570	15566	15569	
347	15430	15563	15572	15564	15571	
348	15425	15567	15571	15566	15568	
349	15417	15563	15570	15569	15572	
350	15419	15567	15570	15567	15573	
351	15414	15561	15569	15570	15568	
352	15416	15556	15568	15570	15567	
353	15425	15563	15567	15566	15575	
354	15422	15564	15571	15565	15569	
355	15419	15567	15573	15566	15570	
356	15418	15566	15573	15568	15566	
357	15426	15566	15568	15568	15572	
358	15422	15568	15566	15566	15572	
359	15429	15562	15570	15565	15569	
360	15431	15566	15569	15564	15571	
361	15422	15564	15567	15571	15575	
362	15427	15563	15570	15564	15571	
363	15417	15563	15569	15568	15568	
364	15428	15563	15569	15566	15571	
365	15421	15558	15567	15564	15568	
366	15424	15565	15575	15561	15569	
367	15419	15561	15571	15564	15573	
368	15419	15561	15568	15566	15569	
369	15411	15564	15572	15562	15571	
370	15415	15561	15575	15570	15569	
371	15419	15561	15571	15567	15570	
372	15417	15564	15569	15566	15572	
373	15426	15559	15572	15565	15568	
374	15432	15563	15565	15564	15571	
375	15422	15565	15572	15574	15566	
376	15428	15561	15569	15564	15573	
377	15423	15564	15569	15569	15577	
378	15426	15563	15569	15568	15569	
379	15426	15567	15571	15569	15570	
380	15412	15566	15569	15567	15570	
381	15420	15566	15576	15566	15570	
382	15426	15561	15567	15569	15570	
383	15420	15559	15569	15568	15573	
384	15427	15560	15572	15568	15568	
385	15418	15560	15569	15569	15573	
386	15425	15568	15572	15565	15567	
387	15416	15565	15569	15566	15563	
388	15419	15567	15573	15567	15570	
389	15421	15567	15571	15566	15571	
390	15423	15562	15568	15565	15569	
391	15420	15562	15569	15566	15566	
392	15413	15566	15565	15561	15569	
393	15416	15560	15565	15564	15572	
394	15430	15563	15571	15567	15572	
395	15433	15564	15567	15570	15568	
396	15422	15562	15568	15567	15568	
397	15425	15565	15569	15569	15572	
398	15429	15556	15567	15566	15569	
399	15420	15563	15571	15568	15565	
400	15424	15558	15575	15563	15575	
401	15428	15563	15571	15567	15570	
402	15439	15565	15569	15568	15575	
403	15425	15563	15573	15564	15568	
404	15417	15560	15570	15569	15567	
405	15420	15563	15569	15566	15570	
406	15425	15565	15569	15565	15571	
407	15418	15561	15569	15568	15566	
408	15425	15563	15576	15570	15565	
409	15426	15564	15568	15562	15571	
410	15423	15564	15567	15568	15566	
411	15420	15566	15568	15569	15567	
412	15412	15564	15573	15566	15568	
413	15420	15562	15569	15567	15566	
414	15429	15561	15571	15570	15564	
415	15414	15564	15571	15566	15565	
416	15424	15563	15572	15572	15571	
417	15432	15560	15568	15567	15565	
418	15421	15564	15565	15565	15570	
419	15426	15563	15569	15571	15569	
420	15424	15559	15574	15564	15564	
421	15426	15561	15572	15565	15570	
422	15419	15562	15571	15567	15567	
423	15418	15569	15569	15570	15569	
424	15419	15561	15571	15562	15566	
425	15424	15566	15568	15565	15564	
426	15411	15560	15571	15566	15570	
427	15423	15563	15571	15567	15568	
428	15426	15562	15569	15565	15570	
429	15423	15560	15572	15567	15568	
430	15410	15563	15570	15568	15570	
431	15423	15562	15568	15565	15570	
432	15422	15559	15567	15564	15568	
433	15423	15563	15568	15565	15572	
434	15429	15564	15570	15569	15567	
435	15414	15565	15568	15565	15572	
436	15423	15561	15565	15566	15569	
437	15406	15562	15572	15567	15567	
438	15420	15559	15574	15568	15568	
439	15406	15564	15572	15564	15568	
440	15416	15567	15572	15569	15571	
441	15414	15564	15569	15569	15567	
442	15416	15563	15572	15566	15568	
443	15412	15563	15572	15563	15572	
444	15411	15561	15570	15565	15567	
445	15415	15565	15572	15563	15569	
446	15415	15563	15575	15569	15567	
447	15426	15562	15569	15567	15566	
448	15418	15567	15567	15565	15570	
449	15417	15561	15571	15565	15567	
450	15417	15562	15569	15563	15570	
451	15408	15560	15566	15573	15569	
452	15421	15564	15568	15568	15569	
453	15417	15560	15574	15570	15569	
454	15417	15563	15571	15568	15571	
455	15419	15561	15565	15565	15572	
456	15414	15562	15570	15570	15568	
457	15424	15560	15571	15564	15566	
458	15429	15561	15574	15572	15569	
459	15415	15563	15573	15567	15568	
460	15415	15561	15572	15569	15568	
461	15417	15567	15570	15565	15567	
462	15418	15565	15569	15564	15566	
463	15421	15559	15573	15561	15569	
464	15416	15564	15571	15569	15566	
465	15413	15563	15571	15565	15568	
466	15424	15564	15572	15561	15568	
467	15413	15567	15567	15567	15568	
468	15423	15562	15567	15565	15573	
469	15409	15567	15571	15566	15568	
470	15416	15560	15570	15563	15569	
471	15418	15560	15567	15566	15571	
472	15415	15563	15570	15569	15573	
473	15413	15560	15573	15567	15571	
474	15427	15562	15570	15567	15565	
475	15408	15563	15569	15561	15572	
476	15424	15566	15572	15570	15569	
477	15425	15561	15574	15566	15568	
478	15414	15567	15571	15570	15569	
479	15424	15562	15568	15573	15566	
480	15420	15568	15572	15565	15573	
481	15414	15563	15569	15568	15570	
482	15418	15564	15567	15567	15567	
483	15420	15558	15566	15573	15570	
484	15424	15564	15573	15563	15572	
485	15424	15559	15571	15563	15570	
486	15416	15564	15568	15569	15568	
487	15410	15563	15566	15566	15570	
488	15417	15563	15570	15566	15577	
489	15423	15560	15571	15569	15569	
490	15409	15563	15570	15567	15572	
491	15410	15564	15569	15564	15569	
492	15409	15564	15569	15568	15570	
493	15416	15559	15573	15563	15567	
494	15413	15561	15569	15573	15572	
495	15409	15563	15569	15569	15566	
496	15408	15560	15572	15566	15572	
497	15421	15559	15566	15568	15572	
498	15409	15567	15571	15570	15567	
499	15408	15566	15571	15564	15568	
500	15412	15559	15565	15569	15569	
501	15406	15563	15571	15562	15568	
502	15410	15559	15573	15568	15568	
503	15412	15565	15571	15567	15567	
504	15413	15561	15570	15565	15569	
505	15403	15567	15572	15563	15566	
506	15419	15561	15572	15564	15573	
507	15416	15562	15568	15565	15568	
508	15415	15561	15567	15568	15571	
509	15407	15563	15568	15567	15568	
510	15420	15566	15567	15573	15571	
511	15400	15566	15572	15565	15573	
512	15423	15563	15568	15560	15570	
513	15408	15560	15569	15569	15567	
514	15417	15563	15566	15568	15569	
515	15420	15563	15571	15572	15570	
516	15416	15559	15572	15566	15566	
517	15419	15561	15570	15566	15568	
518	15423	15559	15572	15565	15571	
519	15415	15565	15572	15565	15569	
520	15428	15562	15568	15570	15572	
521	15406	15562	15573	15567	15566	
522	15421	15564	15569	15563	15571	
523	15412	15560	15568	15569	15567	
524	15412	15565	15568	15562	15567	
525	15396	15564	15575	15570	15569	
526	15411	15565	15578	15566	15574	
527	15420	15565	15571	15564	15566	
528	15345	15565	15573	15567	15574	
529	12975	15564	15570	15565	15567	
530	9579	15563	15569	15569	15575	
531	9454	15561	15572	15566	15571	
532	9433	15562	15569	15569	15569	
533	10787	15563	15571	15568	15565	
534	14605	15566	15572	15570	15574	
535	15293	15557	15573	15570	15569	
536	15275	15563	15568	15569	15567	
537	15300	15561	15572	15564	15571	
538	15396	15566	15569	15565	15571	
539	15367	15563	15570	15568	15568	
540	15373	15562	15576	15567	15570	
541	15367	15559	15568	15566	15572	
542	15380	15560	15571	15563	15567	
543	15388	15562	15572	15568	15571	
544	15382	15562	15572	15569	15566	
545	15387	15565	15569	15566	15566	
546	15393	15559	15568	15568	15571	
547	15390	15563	15572	15566	15572	
548	15388	15565	15572	15565	15567	
549	15402	15563	15569	15567	15569	
550	15394	15563	15569	15570	15568	
551	15399	15567	15576	15568	15572	
552	15397	15565	15566	15566	15570	
553	15402	15564	15567	15570	15568	
554	15404	15564	15570	15569	15568	
555	15410	15564	15571	15567	15574	
556	15402	15559	15573	15564	15567	
557	15400	15565	15571	15567	15571	
558	15408	15560	15565	15572	15573	
559	15407	15561	15571	15570	15568	
560	15391	15562	15564	15565	15573	
561	15403	15567	15572	15570	15574	
562	15392	15567	15577	15562	15571	
563	15409	15564	15572	15570	15566	
564	15406	15562	15571	15564	15569	
565	15406	15562	15572	15567	15567	
566	15402	15560	15572	15567	15570	
567	15404	15561	15567	15563	15571	
568	15398	15568	15568	15566	15575	
569	15404	15560	15569	15568	15570	
570	15396	15562	15570	15564	15572	
571	15397	15565	15570	15571	15568	
572	15407	15561	15563	15568	15567	
573	15412	15561	15569	15567	15570	
574	15402	15565	15573	15567	15569	
575	15417	15562	15570	15569	15570	
576	15393	15564	15569	15564	15568	
577	15392	15564	15569	15573	15569	
578	15400	15565	15571	15570	15568	
579	15390	15564	15574	15565	15571	
580	15394	15561	15566	15566	15568	
581	15397	15560	15574	15565	15573	
582	15403	15565	15570	15570	15568	
583	15403	15564	15570	15566	15567	
584	15398	15564	15578	15566	15568	
585	15387	15562	15570	15567	15568	
586	15403	15562	15569	15571	15567	
587	15395	15562	15573	15567	15567	
588	15386	15565	15569	15566	15574	
589	15390	15565	15571	15564	15566	
590	15400	15565	15568	15568	15571	
591	15396	15561	15570	15564	15572	
592	15401	15562	15566	15565	15567	
593	15399	15564	15568	15569	15570	
594	15396	15565	15568	15562	15569	
595	15395	15562	15568	15571	15568	
596	15391	15562	15568	15566	15572	
597	15413	15562	15567	15566	15568	
598	15387	15559	15574	15565	15566	
599	15389	15564	15570	15562	15566	
600	15398	15565	15568	15573	15571	
601	15392	15567	15573	15565	15572	
602	15388	15557	15571	15571	15571	
603	15382	15564	15573	15567	15569	
604	15400	15566	15569	15565	15567	
605	15398	15565	15574	15563	15565	
606	15406	15562	15570	15570	15572	
607	15389	15567	15567	15571	15568	
608	15410	15566	15572	15568	15568	
609	15401	15563	15570	15566	15568	
610	15395	15564	15567	15565	15567	
611	15401	15566	15567	15566	15569	
612	15411	15563	15569	15569	15570	
613	15397	15561	15566	15567	15569	
614	15394	15565	15565	15568	15566	
615	15396	15562	15569	15565	15568	
616	15393	15564	15566	15567	15572	
617	15404	15562	15568	15562	15568	
618	15398	15561	15571	15567	15570	
619	15403	15561	15569	15567	15567	
620	15394	15563	15567	15566	15566	
621	15398	15564	15573	15562	15570	
622	15407	15559	15571	15565	15567	
623	15398	15565	15566	15570	15572	
624	15393	15562	15571	15564	15569	
625	15406	15563	15568	15569	15569	
626	15391	15569	15572	15569	15568	
627	15399	15562	15571	15567	15569	
628	15389	15560	15572	15568	15567	
629	15409	15559	15567	15564	15568	
630	15401	15564	15569	15566	15568	
631	15393	15567	15569	15568	15569	
632	15395	15561	15568	15566	15567	
633	15400	15563	15567	15567	15571	
634	15397	15562	15573	15561	15565	
635	15399	15559	15568	15568	15570	
636	15413	15568	15568	15565	15573	
637	15396	15564	15567	15568	15571	
638	15404	15565	15570	15570	15566	
639	15402	15561	15572	15568	15571	
640	15406	15561	15572	15565	15568	
641	15402	15563	15568	15565	15574	
642	15415	15566	15567	15565	15564	
643	15402	15560	15568	15569	15571	
644	15408	15564	15568	15564	15570	
645	15394	15563	15570	15562	15566	
646	15401	15566	15572	15566	15569	
647	15397	15559	15571	15562	15570	
648	15399	15566	15569	15564	15568	
649	15404	15562	15570	15564	15565	
650	15411	15564	15570	15565	15568	
651	15413	15561	15573	15569	15566	
652	15398	15563	15571	15565	15566	
653	15401	15562	15573	15567	15574	
654	15409	15564	15571	15571	15569	
655	15398	15560	15571	15565	15568	
656	15402	15559	15575	15570	15572	
657	15409	15559	15567	15565	15570	
658	15411	15563	15569	15564	15570	
659	15415	15560	15568	15569	15569	
660	15415	15558	15568	15565	15563	
661	15418	15563	15569	15567	15568	
662	15412	15561	15574	15574	15565	
663	15411	15567	15567	15570	15565	
664	15411	15566	15569	15562	15570	
665	15411	15560	15570	15567	15568	
666	15411	15561	15567	15567	15568	
667	15420	15559	15568	15565	15573	
668	15405	15563	15565	15563	15567	
669	15412	15564	15566	15570	15569	
670	15404	15568	15570	15570	15566	
671	15414	15561	15573	15565	15570	
672	15409	15563	15570	15566	15571	
673	15422	15559	15571	15567	15567	
674	15411	15565	15568	15566	15566	
675	15418	15562	15571	15569	15566	
676	15412	15560	15571	15567	15571	
677	15412	15558	15569	15564	15570	
678	15412	15556	15572	15564	15569	
679	15419	15564	15570	15568	15567	
680	15421	15563	15571	15569	15571	
681	15414	15560	15568	15569	15570	
682	15414	15561	15567	15566	15568	
683	15416	15563	15572	15561	15568	
684	15425	15564	15570	15560	15573	
685	15415	15559	15570	15568	15570	
686	15419	15566	15569	15569	15569	
687	15420	15558	15572	15571	15569	
688	15413	15559	15567	15564	15568	
689	15415	15558	15566	15569	15568	
690	15416	15560	15571	15563	15566	
691	15416	15560	15566	15566	15571	
692	15424	15562	15567	15566	15570	
693	15421	15564	15566	15566	15569	
694	15426	15562	15568	15565	15568	
695	15414	15562	15566	15565	15574	
696	15422	15560	15568	15569	15570	
697	15416	15569	15563	15566	15567	
698	15423	15563	15569	15560	15570	
699	15426	15565	15571	15564	15571	
700	15413	15563	15565	15564	15567	
701	15424	15561	15569	15566	15569	
702	15426	15558	15570	15568	15568	
703	15428	15565	15571	15569	15568	
704	15432	15561	15570	15566	15572	
705	15431	15562	15574	15566	15569	
706	15432	15566	15569	15570	15564	
707	15439	15560	15566	15563	15567	
708	15426	15562	15569	15567	15570	
709	15434	15564	15570	15566	15571	
710	15445	15561	15570	15570	15567	
711	15433	15564	15569	15569	15570	
712	15435	15562	15567	15569	15566	
713	15440	15567	15566	15565	15569	
714	15433	15564	15565	15566	15566	
715	15438	15566	15574	15568	15568	
716	15434	15562	15572	15565	15570	
717	15443	15560	15569	15565	15570	
718	15443	15563	15564	15563	15568	
719	15440	15567	15573	15569	15571	
720	15434	15560	15567	15566	15568	
721	15439	15565	15567	15567	15565	
722	15434	15563	15569	15562	15569	
723	15435	15566	15568	15565	15569	
724	15440	15564	15567	15568	15565	
725	15434	15566	15571	15570	15565	
726	15445	15566	15572	15563	15566	
727	15436	15558	15568	15565	15570	
728	15439	15563	15567	15567	15570	
729	15437	15560	15567	15567	15570	
730	15438	15567	15571	15568	15570	
731	15431	15564	15569	15565	15570	
732	15455	15565	15569	15568	15572	
733	15430	15567	15568	15567	15569	
734	15450	15569	15570	15568	15567	
735	15427	15564	15565	15566	15571	
736	15430	15563	15566	15567	15566	
737	15423	15568	15571	15567	15568	
738	15430	15568	15568	15569	15571	
739	15436	15561	15572	15569	15570	
740	15416	15558	15564	15569	15569	
741	15433	15561	15568	15566	15569	
742	15432	15561	15567	15568	15568	
743	15423	15563	15573	15566	15570	
744	15436	15564	15569	15569	15573	
745	15448	15561	15569	15570	15570	
746	15439	15567	15567	15561	15568	
747	15432	15560	15569	15560	15569	
748	15424	15559	15573	15569	15569	
749	15440	15566	15574	15563	15568	
750	15425	15566	15567	15569	15571	
751	15428	15565	15569	15565	15571	
752	15424	15559	15570	15569	15566	
753	15434	15560	15565	15566	15570	
754	15436	15563	15570	15562	15572	
755	15430	15562	15574	15567	15568	
756	15431	15568	15569	15566	15565	
757	15439	15562	15569	15562	15568	
758	15413	15563	15569	15564	15568	
759	15428	15563	15567	15567	15571	
760	15432	15559	15572	15567	15568	
761	15436	15559	15568	15565	15572	
762	15420	15564	15567	15568	15571	
763	15428	15562	15575	15565	15570	
764	15416	15564	15567	15566	15569	
765	15428	15562	15569	15567	15565	
766	15425	15562	15570	15568	15569	
767	15414	15564	15570	15565	15566	
768	15429	15561	15575	15566	15567	
769	15427	15562	15568	15572	15572	
770	15419	15568	15568	15567	15573	
771	15416	15563	15570	15563	15570	
772	15409	15559	15569	15565	15568	
773	15411	15565	15570	15570	15563	
774	15412	15563	15570	15565	15574	
775	15421	15567	15571	15565	15560	
776	15416	15561	15570	15569	15573	
777	15404	15564	15569	15568	15574	
778	15399	15563	15568	15563	15564	
779	15407	15562	15574	15566	15568	
780	15409	15560	15571	15562	15570	
781	15405	15563	15568	15565	15570	
782	15413	15563	15571	15569	15570	
783	15409	15560	15571	15567	15566	
784	15405	15562	15570	15570	15568	
785	15414	15563	15568	15567	15569	
786	15402	15568	15568	15571	15571	
787	15413	15561	15571	15570	15569	
788	15401	15564	15565	15566	15575	
789	15396	15566	15573	15565	15569	
790	15402	15565	15567	15567	15566	
791	15394	15566	15569	15567	15572	
792	15408	15566	15565	15565	15563	
793	15403	15563	15570	15569	15568	
794	15387	15567	15563	15568	15569	
795	15394	15561	15573	15564	15563	
796	15399	15564	15573	15569	15571	
797	15391	15561	15573	15563	15569	
798	15386	15559	15573	15567	15569	
799	15396	15558	15571	15569	15567	
800	15395	15563	15570	15565	15567	
801	15382	15559	15567	15568	15571	
802	15403	15565	15572	15567	15572	
803	15403	15563	15570	15564	15566	
804	15384	15563	15568	15564	15566	
805	15401	15562	15571	15567	15567	
806	15396	15559	15572	15565	15570	
807	15393	15562	15573	15565	15570	
808	15387	15562	15566	15566	15567	
809	15391	15563	15570	15567	15568	
810	15397	15569	15569	15565	15572	
811	15400	15561	15568	15563	15564	
812	15391	15561	15572	15565	15572	
813	15382	15560	15570	15567	15573	
814	15386	15556	15570	15567	15569	
815	15384	15564	15571	15565	15567	
816	15386	15561	15568	15563	15571	
817	15386	15560	15568	15565	15569	
818	15381	15558	15567	15566	15571	
819	15386	15561	15568	15557	15565	
820	15391	15565	15568	15568	15576	
821	15390	15567	15568	15567	15565	
822	15390	15560	15572	15566	15572	
823	15389	15558	15572	15565	15568	
824	15392	15564	15571	15567	15569	
825	15393	15563	15570	15564	15564	
826	15370	15559	15568	15564	15570	
827	15384	15564	15571	15567	15565	
828	15385	15562	15570	15561	15572	
829	15390	15566	15568	15565	15566	
830	15384	15558	15571	15570	15571	
831	15372	15565	15566	15568	15568	
832	15379	15566	15570	15563	15570	
833	15389	15564	15576	15564	15570	
834	15387	15564	15565	15566	15570	
835	15381	15565	15571	15566	15567	
836	15382	15567	15569	15566	15571	
837	15378	15561	15572	15563	15570	
838	15379	15563	15571	15568	15575	
839	15384	15558	15568	15564	15570	
840	15374	15564	15570	15564	15571	
841	15374	15562	15569	15564	15567	
842	15367	15559	15570	15563	15570	
843	15392	15561	15567	15569	15573	
844	15386	15564	15574	15567	15567	
845	15365	15561	15567	15561	15572	
846	15380	15563	15574	15567	15573	
847	15379	15559	15563	15566	15572	
848	15384	15565	15563	15568	15569	
849	15393	15559	15574	15564	15571	
850	15378	15562	15567	15563	15569	
851	15380	15560	15574	15565	15569	
852	15390	15564	15566	15563	15569	
853	15380	15558	15567	15565	15568	
854	15382	15563	15573	15563	15568	
855	15389	15561	15569	15566	15567	
856	15385	15559	15573	15566	15565	
857	15376	15562	15568	15564	15564	
858	15377	15562	15570	15567	15565	
859	15395	15562	15569	15565	15572	
860	15379	15564	15566	15566	15565	
861	15392	15564	15569	15566	15565	
862	15387	15563	15569	15565	15574	
863	15385	15562	15566	15565	15569	
864	15374	15560	15567	15569	15568	
865	15394	15562	15573	15570	15574	
866	15382	15555	15571	15568	15571	
867	15383	15567	15571	15568	15565	
868	15391	15560	15565	15565	15565	
869	15389	15559	15569	15566	15570	
870	15382	15560	15570	15568	15568	
871	15390	15563	15575	15568	15570	
872	15390	15560	15572	15566	15572	
873	15385	15563	15568	15568	15567	
874	15383	15566	15571	15566	15573	
875	15387	15558	15566	15564	15570	
876	15393	15562	15565	15568	15565	
877	15394	15563	15566	15564	15570	
878	15384	15559	15571	15568	15572	
879	15392	15562	15569	15565	15570	
880	15395	15564	15566	15569	15574	
881	15399	15564	15566	15566	15575	
882	15395	15562	15564	15569	15563	
883	15383	15567	15568	15566	15570	
884	15404	15570	15568	15563	15570	
885	15387	15566	15569	15567	15569	
886	15402	15563	15568	15563	15572	
887	15389	15562	15567	15565	15567	
888	15409	15562	15563	15567	15567	
889	15401	15563	15567	15562	15567	
890	15394	15557	15569	15562	15573	
891	15393	15564	15575	15563	15572	
892	15398	15563	15568	15562	15566	
893	15409	15562	15572	15567	15573	
894	15396	15560	15565	15568	15570	
895	15400	15566	15569	15566	15569	
896	15399	15563	15564	15566	15570	
897	15402	15559	15571	15564	15569	
898	15403	15568	15564	15565	15571	
899	15392	15563	15569	15564	15566	
900	15398	15564	15563	15563	15568	
901	15394	15565	15571	15564	15570	
902	15408	15568	15571	15567	15570	
903	15408	15561	15570	15565	15569	
904	15404	15563	15566	15568	15565	
905	15408	15560	15566	15560	15569	
906	15406	15562	15567	15565	15568	
907	15398	15565	15570	15565	15572	
908	15408	15557	15567	15567	15568	
909	15409	15567	15573	15568	15572	
910	15402	15562	15567	15566	15567	
911	15404	15565	15567	15566	15568	
912	15407	15565	15570	15567	15570	
913	15407	15561	15566	15569	15571	
914	15419	15562	15570	15569	15572	
915	15409	15560	15570	15574	15571	
916	15400	15566	15567	15567	15568	
917	15407	15563	15569	15567	15569	
918	15407	15564	15574	15570	15568	
919	15408	15558	15571	15566	15573	
920	15416	15561	15567	15568	15566	
921	15412	15561	15568	15570	15571	
922	15399	15562	15564	15569	15573	
923	15412	15564	15567	15568	15569	
924	15407	15564	15574	15566	15568	
925	15412	15564	15567	15564	15569	
926	15413	15564	15569	15568	15569	
927	15412	15565	15564	15566	15571	
928	15419	15562	15568	15564	15571	
929	15417	15564	15567	15564	15568	
930	15416	15561	15570	15567	15567	
931	15414	15563	15569	15568	15567	
932	15410	15560	15570	15567	15565	
933	15419	15563	15572	15568	15567	
934	15413	15563	15573	15565	15565	
935	15410	15564	15567	15562	15573	
936	15422	15561	15566	15570	15570	
937	15413	15569	15568	15569	15567	
938	15420	15562	15571	15560	15571	
939	15415	15563	15571	15567	15568	
940	15411	15564	15571	15563	15569	
941	15412	15558	15563	15567	15568	
942	15407	15566	15572	15564	15570	
943	15404	15564	15574	15560	15567	
944	15413	15559	15566	15563	15569	
945	15416	15562	15567	15563	15568	
946	15409	15565	15572	15569	15569	
947	15421	15566	15567	15567	15567	
948	15423	15559	15565	15563	15571	
949	15409	15561	15570	15570	15569	
950	15412	15561	15570	15570	15569	
951	15414	15559	15570	15566	15566	
952	15402	15557	15571	15565	15571	
953	15406	15565	15570	15566	15573	
954	15403	15562	15570	15569	15567	
955	15418	15568	15566	15569	15564	
956	15417	15557	15573	15564	15570	
957	15411	15562	15573	15565	15569	
958	15411	15563	15565	15565	15570	
959	15411	15564	15563	15564	15569	
960	15399	15564	15568	15567	15565	
961	15398	15563	15572	15565	15569	
962	15406	15567	15568	15564	15568	
963	15411	15565	15568	15566	15570	
964	15419	15561	15568	15568	15570	
965	15416	15566	15571	15564	15571	
966	15412	15563	15569	15565	15566	
967	15411	15564	15570	15566	15572	
968	15418	15561	15573	15569	15576	
969	15398	15560	15564	15565	15570	
970	15409	15565	15571	15566	15568	
971	15402	15564	15569	15565	15569	
972	15424	15560	15567	15567	15575	
973	15423	15563	15571	15560	15568	
974	15417	15564	15577	15565	15570	
975	15418	15563	15567	15571	15568	
976	15418	15560	15569	15562	15567	
977	15417	15560	15570	15561	15566	
978	15406	15566	15568	15567	15566	
979	15417	15560	15566	15570	15565	
980	15414	15562	15566	15567	15566	
981	15426	15563	15569	15569	15564	
982	15408	15560	15572	15563	15564	
983	15404	15558	15568	15570	15574	
984	15420	15565	15564	15564	15571	
985	15421	15567	15568	15568	15569	
986	15419	15564	15572	15565	15570	
987	15416	15563	15565	15567	15568	
988	15419	15562	15569	15562	15571	
989	15412	15561	15571	15566	15570	
990	15424	15564	15564	15564	15569	
991	15420	15565	15569	15564	15566	
992	15422	15563	15564	15565	15571	
993	15417	15561	15567	15564	15571	
994	15431	15564	15571	15563	15567	
995	15422	15564	15568	15565	15570	
996	15432	15565	15570	15567	15572	
997	15432	15566	15571	15564	15567	
998	15434	15559	15569	15567	15567	
999	15429	15568	15572	15564	15568	
1000	
1001	
